2

2

15

19,26,19,18,14,24,19,24,25,23,18,12,19,15,15

12,17,12,12,9,16,12,16,16,15,12,8,12,10,10

24,34,24,24,18,32,24,32,32,30,24,16,24,20,20

192

0,0,0,0,0,0,0,0,0,0,0,0,0,0,0

0,3,2,0,0,0,0,0,0,0,0,0,0,0,0
0,0,0,2,3,0,0,0,0,0,0,0,0,0,0
0,0,0,0,0,2,1,0,0,0,0,0,0,0,0
0,0,0,0,0,0,0,1,2,0,0,0,0,0,0
0,0,0,0,0,0,0,1,2,0,0,0,0,0,0
0,0,0,0,0,0,0,0,0,3,1,0,0,0,0
0,0,0,0,0,0,0,0,0,1,3,0,0,0,0
0,0,0,0,0,0,0,0,0,0,0,1,0,1,0
0,0,0,0,0,0,0,0,0,0,0,0,1,0,1
0,0,0,0,0,0,0,0,0,0,0,3,0,3,0
0,0,0,0,0,0,0,0,0,0,0,0,3,0,1
0,0,0,0,0,0,0,0,0,0,0,0,0,0,0
0,0,0,0,0,0,0,0,0,0,0,0,0,0,0
0,0,0,0,0,0,0,0,0,0,0,0,0,0,0
0,0,0,0,0,0,0,0,0,0,0,0,0,0,0