2

2

16

14,23,20,13,11,20,22,17,14,23,26,27,21,12,12,11

9,15,13,8,7,13,14,11,9,15,17,18,14,8,8,7

18,30,26,16,14,26,28,22,18,30,34,36,28,16,16,14

186

0,0,0,0,0,0,0,0,0,0,0,0,0,0,0,0

0,0,0,0,0,0,26,0,0,0,0,0,0,0,0,0
0,0,0,0,17,0,0,0,0,0,0,0,0,0,0,0
0,0,0,0,0,20,0,0,0,0,0,0,0,0,0,0
0,0,0,0,0,25,16,15,0,0,0,0,0,0,0,0
0,0,0,0,0,0,0,0,0,0,0,12,0,0,0,0
0,0,0,0,0,0,0,0,0,18,0,0,0,0,0,0
0,0,0,0,0,0,0,0,25,0,0,0,0,0,0,0
0,0,0,0,0,0,0,0,0,25,22,9,0,0,0,0
0,0,0,0,0,0,0,0,0,0,0,0,14,0,0,0
0,0,0,0,0,0,0,0,0,0,0,0,0,21,0,0
0,0,0,0,0,0,0,0,0,0,0,0,0,0,14,0
0,0,0,0,0,0,0,0,0,0,0,0,0,19,9,14
0,0,0,0,0,0,0,0,0,0,0,0,0,0,0,0
0,0,0,0,0,0,0,0,0,0,0,0,0,0,0,0
0,0,0,0,0,0,0,0,0,0,0,0,0,0,0,0
0,0,0,0,0,0,0,0,0,0,0,0,0,0,0,0